0.200706 0
0.400706 0
0.600706 0.0016
0.800494 0.2496
1.000151 0.7904
1.202 0.7488
1.401002 0.2496
1.600212 0.4576
1.801812 0.7488
2.000212 0.7904
2.200353 0.7904
2.400706 0.7072
2.601002 0.2496
2.800212 0.4992
3.001624 0.7072
3.202 0.7488
3.400202 0.7904
3.600588 0.832
3.801812 0.7904
4.000706 0.3744
4.2012 0.416
4.402 0.5824
4.600946 0.7488
4.800353 0.7072
5.000776 0.832
5.200433 0.832
5.400108 0.832
5.602 0.1664
5.800494 0.4576
6.001906 0.7072
6.201186 0.7072
6.400113 0.7904
6.600682 0.7488
6.802 0.9568
7.000706 0.4576
7.200706 0.2496
7.4004 0.5824
7.601812 0.7072
7.802 0.832
8.000391 0.7488
8.200965 0.9152
8.402 0.7488
8.600706 0.3328
8.801096 0.4576
9.000494 0.624
9.201529 0.7072
9.402 0.7488
9.600071 0.832
9.800682 0.832
10.002 0.7488
10.202 0.2496
10.401002 0.4992
10.6004 0.624
10.801435 0.7488
11.000155 0.7904
11.201939 0.7904
11.400776 0.8736
11.600706 0.4576
11.802 0.2912
12.001322 0.624
12.200118 0.7072
12.401153 0.7904
12.600433 0.7488
12.800071 0.9152
13.000494 0.7904
13.200494 0.2496
13.401906 0.4576
13.601562 0.624
13.800635 0.7488
14.001059 0.7488
14.200193 0.832
14.401379 0.832
14.600329 0.7072
14.800706 0.2496
15.002 0.5408
15.201322 0.6656
15.400235 0.7488
15.600776 0.7488
15.800099 0.7904
16.002 0.9152
16.202 0.4576
16.400494 0.2912
16.602 0.624
16.800626 0.7072
17.000259 0.7488
17.201059 0.7904
17.400193 0.8736
17.601191 0.7904
17.800706 0.208
18.0004 0.4576
18.202 0.6656
18.40128 0.7488
18.600207 0.7904
18.800776 0.7488
19.000099 0.8736
19.202 0.624
19.400706 0.2496
19.600494 0.5824
19.801718 0.6656
20.002 0.7904
20.200071 0.7488
20.400871 0.832
20.600193 0.832
20.800706 0.416
21.000014 0.3744
21.200212 0.5824
21.401624 0.7488
21.600904 0.7072
21.800019 0.832
22.000776 0.7904
22.201624 0.832
22.402 0.1664
22.602 0.4992
22.800494 0.6656
23.001529 0.7488
23.200061 0.7904
23.401887 0.7904
23.600871 0.8736
23.800306 0.5408
24.000706 0.2496
24.200706 0.5824
24.400024 0.7072
24.601247 0.7904
24.800381 0.7488
25.000019 0.8736
25.200706 0.3328
25.400706 0
25.552706 0
