0.200706 0.24
0.400706 0.96
0.600706 0.96
0.800494 0.96
1.000151 0.84
1.202 0.96
1.401002 1.04
1.600212 0.96
1.801812 0.96
2.000212 0.92
2.200353 0.92
2.400706 0.96
2.601002 1.08
2.800212 0.96
3.001624 1
3.202 0.96
3.400202 0.92
3.600588 0.84
3.801812 0.92
4.000706 1.16
4.2012 0.88
4.402 1.04
4.600946 0.96
4.800353 1
5.000776 0.84
5.200433 0.88
5.400108 0.88
5.602 1.16
5.800494 1
6.001906 0.96
6.201186 1
6.400113 0.88
6.600682 0.92
6.802 0.76
7.000706 1.16
7.200706 0.96
7.4004 0.96
7.601812 1
7.802 0.88
8.000391 0.96
8.200965 0.76
8.402 0.96
8.600706 1.12
8.801096 0.92
9.000494 0.96
9.201529 1
9.402 0.96
9.600071 0.88
9.800682 0.84
10.002 0.96
10.202 1.08
10.401002 1
10.6004 1
10.801435 0.96
11.000155 0.92
11.201939 0.92
11.400776 0.8
11.600706 1.12
11.802 0.96
12.001322 1
12.200118 0.96
12.401153 0.92
12.600433 0.96
12.800071 0.8
13.000494 0.88
13.200494 1.16
13.401906 1
13.601562 1
13.800635 0.92
14.001059 0.96
14.200193 0.88
14.401379 0.88
14.600329 0.96
14.800706 1.04
15.002 0.92
15.201322 1
15.400235 0.92
15.600776 0.92
15.800099 0.92
16.002 0.8
16.202 1.12
16.400494 0.96
16.602 1
16.800626 1
17.000259 0.96
17.201059 0.88
17.400193 0.84
17.601191 0.92
17.800706 1.12
18.0004 0.96
18.202 1
18.40128 0.96
18.600207 0.88
18.800776 0.92
19.000099 0.84
19.202 1.08
19.400706 1
19.600494 0.92
19.801718 1
20.002 0.92
20.200071 0.96
20.400871 0.84
20.600193 0.88
20.800706 1.12
21.000014 0.92
21.200212 1
21.401624 0.96
21.600904 1
21.800019 0.84
22.000776 0.88
22.201624 0.88
22.402 1.16
22.602 1
22.800494 0.96
23.001529 0.96
23.200061 0.92
23.401887 0.92
23.600871 0.8
23.800306 1.12
24.000706 1
24.200706 0.96
24.400024 0.92
24.601247 0.92
24.800381 0.96
25.000019 0.8
25.200706 1.16
25.400706 0.96
25.552706 0.76
