0.200071 0.0016
0.402198 0.2496
0.600141 0.9984
0.800089 1.4144
1.000649 1.3312
1.20168 1.0816
1.403807 0.2496
1.600668 0.416
1.802061 0.8736
2.001139 0.9568
2.203379 0.9984
2.400127 0.7904
2.600908 0.6656
2.802664 0.416
3.000268 0.7488
3.202024 0.8736
3.402682 0.832
3.601238 0.7488
3.800089 1.04
4.000598 0.7904
4.202725 0.2496
4.400108 0.6656
4.601252 0.7904
4.801275 0.9152
5.002569 0.9568
5.202593 0.7072
5.404621 0.624
5.600485 0.2912
5.803868 0.7488
6.001214 0.8736
6.201238 0.7904
6.402419 0.9152
6.602555 0.9152
6.800061 1.04
7.001816 0.1248
7.200033 0.5408
7.401176 0.7488
7.601835 0.7072
7.802494 0.9984
8.003153 0.6656
8.200273 1.0816
8.401045 0.7488
8.603172 0.3328
8.800405 0.6656
9.001798 0.8736
9.202456 0.832
9.403115 0.8736
9.600235 0.7904
9.800273 1.4144
10.001666 1.248
10.202325 1.3728
10.402984 1.04
10.600104 1.3312
10.80024 1.456
11.000066 1.3728
11.200725 1.3728
11.401384 1.0816
11.601407 1.248
11.804419 0.4576
12.000668 0.416
12.202795 0.832
12.400028 0.9984
12.600687 0.9568
12.800499 0.9152
13.002005 1.1232
13.202664 0.9984
13.400268 0.1248
13.602024 0.5408
13.80024 0.8736
14.000649 0.8736
14.201308 0.9568
14.401854 0.832
14.602626 1.04
14.804118 0.1248
15.002085 0.4576
15.204113 0.7488
15.400612 0.832
15.601158 0.9568
15.801929 0.9152
16.002588 0.9152
16.200071 1.3728
16.400118 1.2896
16.600405 1.248
16.801064 1.1648
17.001722 1.3312
17.202381 1.456
17.402193 1.2896
17.60016 1.3728
17.800085 1.1648
18.000122 1.2896
18.201614 0.1248
18.400104 0.4992
18.600974 0.8736
18.801421 1.04
19.000122 1.2064
19.200259 0.9152
19.400085 1.1648
19.602099 0.7904
19.801289 0.2496
20.000104 0.6656
20.202231 0.832
20.400085 0.8736
20.600221 0.8736
20.800047 0.9984
21.000706 0.7488
21.202833 0.2496
21.400066 0.5408
21.602193 0.7904
21.800047 0.9152
22.000184 0.7488
22.200009 0.9984
22.400668 0.832
22.602061 1.3728
22.80272 1.4144
23.003379 1.04
23.200127 1.3312
23.400174 1.2896
23.600461 1.3728
23.80112 1.4144
24.001779 1.1232
24.202438 1.3312
24.403096 0.9152
24.600329 0.1248
24.800875 0.5824
25.000061 0.9984
25.201816 1.1232
25.400033 1.2896
25.592744 1.0816
