0.200071 0
0.402198 0
0.600141 0.0016
0.800089 0.2496
1.000649 0.3328
1.20168 0.5408
1.403807 0.2496
1.600668 0.624
1.802061 0.7488
2.001139 0.7072
2.203379 0.7072
2.400127 0.8736
2.600908 0.5408
2.802664 0.2496
3.000268 0.624
3.202024 0.7488
3.402682 0.832
3.601238 0.9152
3.800089 0.6656
4.000598 0.4992
4.202725 0.4576
4.400108 0.7072
4.601252 0.7904
4.801275 0.7488
5.002569 0.7488
5.202593 0.9568
5.404621 0.7072
5.600485 0.2496
5.803868 0.624
6.001214 0.7488
6.201238 0.8736
6.402419 0.7904
6.602555 0.7904
6.800061 0.5408
7.001816 0.3744
7.200033 0.624
7.401176 0.7488
7.601835 0.9568
7.802494 0.6656
8.003153 0.9984
8.200273 0.5824
8.401045 0.1664
8.603172 0.4576
8.800405 0.6656
9.001798 0.7488
9.202456 0.832
9.403115 0.7904
9.600235 0.8736
9.800273 0.1664
10.001666 0.416
10.202325 0.2912
10.402984 0.624
10.600104 0.3328
10.80024 0.2496
11.000066 0.2912
11.200725 0.2912
11.401384 0.5824
11.601407 0.416
11.804419 0.7904
12.000668 0.208
12.202795 0.3744
12.400028 0.5408
12.600687 0.7072
12.800499 0.7488
13.002005 0.5824
13.202664 0.6656
13.400268 0.2496
13.602024 0.4576
13.80024 0.624
14.000649 0.7904
14.201308 0.7072
14.401854 0.832
14.602626 0.6656
14.804118 0.4576
15.002085 0.4576
15.204113 0.7072
15.400612 0.7904
15.601158 0.7072
15.801929 0.7904
16.002588 0.7488
16.200071 0.2496
16.400118 0.416
16.600405 0.416
16.801064 0.4992
17.001722 0.3328
17.202381 0.208
17.402193 0.3744
17.60016 0.3328
17.800085 0.5408
18.000122 0.3744
18.201614 0.8736
18.400104 0.2496
18.600974 0.4576
18.801421 0.5824
19.000122 0.4992
19.200259 0.7904
19.400085 0.4992
19.602099 0.5824
19.801289 0.2496
20.000104 0.5408
20.202231 0.6656
20.400085 0.7904
20.600221 0.832
20.800047 0.6656
21.000706 0.9152
21.202833 0.1664
21.400066 0.416
21.602193 0.7072
21.800047 0.7488
22.000184 0.9568
22.200009 0.6656
22.400668 0.832
22.602061 0.2496
22.80272 0.2496
23.003379 0.624
23.200127 0.3328
23.400174 0.416
23.600461 0.2912
23.80112 0.2496
24.001779 0.5408
24.202438 0.3328
24.403096 0.7488
24.600329 0.5408
24.800875 0.2496
25.000061 0.4576
25.201816 0.2912
25.400033 0
25.592744 0
